position: 5.51265716552734,3.1697952747345,1.12457084655762
look_deg: -143.199983949681,true
scene_path: res://scenes/main.tscn
velocity: 0.0,0.0,0.0
