position: 3.63747572898865,3.09624147415161,1.35558986663818
look_deg: -139.999999342395,true
scene_path: res://scenes/main.tscn
velocity: 3.85672569274902,2.95445156097412,4.59626770019531
